[Variables]
manual_z_offset = 1.9700000000000164
t1_x_offset = -1.184999999999917
t1_y_offset = -0.2699999999999818
z_offset_t0 = 3.0
z_offset_t1 = 3.0

